1 0.290039 0.386719 0.264648 0.386719 0.264648 0.428711 0.290039 0.428711 0.290039 0.386719
1 0.267578 0.387695 0.234375 0.387695 0.234375 0.435547 0.267578 0.435547 0.267578 0.387695
4 0.032715 0.38281200000000004 0.01416 0.38281200000000004 0.01416 0.46582 0.032715 0.46582 0.032715 0.38281200000000004
4 0.777832 0.253906 0.7475590000000001 0.253906 0.7475590000000001 0.536133 0.777832 0.536133 0.777832 0.253906
4 0.792969 0.297852 0.771973 0.297852 0.771973 0.47656200000000004 0.792969 0.47656200000000004 0.792969 0.297852
4 0.571777 0.344727 0.555176 0.344727 0.555176 0.44238299999999997 0.571777 0.44238299999999997 0.571777 0.344727
4 0.617676 0.34082 0.5981449999999999 0.34082 0.5981449999999999 0.44726600000000005 0.617676 0.44726600000000005 0.617676 0.34082
1 0.45752 0.356445 0.370117 0.356445 0.370117 0.493164 0.45752 0.493164 0.45752 0.356445
1 0.37793 0.358398 0.319824 0.358398 0.319824 0.46093799999999996 0.37793 0.46093799999999996 0.37793 0.358398
4 0.755859 0.302734 0.726074 0.302734 0.726074 0.526367 0.755859 0.526367 0.755859 0.302734
4 0.9155760000000001 0.279297 0.84375 0.279297 0.84375 0.523438 0.9155760000000001 0.523438 0.9155760000000001 0.279297
4 0.083008 0.356445 0.062012 0.356445 0.062012 0.470703 0.083008 0.470703 0.083008 0.356445