1 1 0.37207 0.743652 0.37207 0.743652 0.6962889999999999 1 0.6962889999999999 1 0.37207
1 0.8183590000000001 0.363281 0.672852 0.363281 0.672852 0.59668 0.8183590000000001 0.59668 0.8183590000000001 0.363281
4 0.47412099999999996 0.35156200000000004 0.43896499999999994 0.35156200000000004 0.43896499999999994 0.541992 0.47412099999999996 0.541992 0.47412099999999996 0.35156200000000004
1 0.6538090000000001 0.395508 0.585938 0.395508 0.585938 0.472656 0.6538090000000001 0.472656 0.6538090000000001 0.395508
4 0.437012 0.336914 0.395508 0.336914 0.395508 0.530273 0.437012 0.530273 0.437012 0.336914
1 0.569824 0.390625 0.48291000000000006 0.390625 0.48291000000000006 0.45214800000000005 0.569824 0.45214800000000005 0.569824 0.390625
1 0.6577149999999999 0.40625 0.620117 0.40625 0.620117 0.526367 0.6577149999999999 0.526367 0.6577149999999999 0.40625
1 0.999512 0.477539 0.921387 0.477539 0.921387 0.867188 0.999512 0.867188 0.999512 0.477539
1 0.711426 0.36718799999999996 0.650879 0.36718799999999996 0.650879 0.546875 0.711426 0.546875 0.711426 0.36718799999999996
1 0.259766 0.37793 0.197754 0.37793 0.197754 0.444336 0.259766 0.444336 0.259766 0.37793
1 0.365234 0.383789 0.294434 0.383789 0.294434 0.45898399999999995 0.365234 0.45898399999999995 0.365234 0.383789
1 0.365234 0.383789 0.250488 0.383789 0.250488 0.46777300000000005 0.365234 0.46777300000000005 0.365234 0.383789
4 0.256143 0.374072 0.228906 0.374072 0.228906 0.445557 0.256143 0.445557 0.256143 0.374072