1 0.8974610000000001 0.358398 0.6694340000000001 0.358398 0.6694340000000001 0.5693360000000001 0.8974610000000001 0.5693360000000001 0.8974610000000001 0.358398
1 0 0.604492 0.165527 0.604492 0.165527 0.40918 0 0.40918 0 0.604492
1 0.47900400000000004 0.394531 0.421875 0.394531 0.421875 0.47656200000000004 0.47900400000000004 0.47656200000000004 0.47900400000000004 0.394531
1 0.30957 0.40625 0.204102 0.40625 0.204102 0.533203 0.30957 0.533203 0.30957 0.40625
1 0.231934 0.40722699999999995 0.113281 0.40722699999999995 0.113281 0.55957 0.231934 0.55957 0.231934 0.40722699999999995
1 0.387695 0.40332 0.337891 0.40332 0.337891 0.48535199999999995 0.387695 0.48535199999999995 0.387695 0.40332
1 0.6987300000000001 0.375977 0.62207 0.375977 0.62207 0.491211 0.6987300000000001 0.491211 0.6987300000000001 0.375977
1 0.701172 0.38281200000000004 0.645996 0.38281200000000004 0.645996 0.52832 0.701172 0.52832 0.701172 0.38281200000000004
1 0.644531 0.385742 0.601562 0.385742 0.601562 0.47168 0.644531 0.47168 0.644531 0.385742
1 0.196289 0.41699200000000003 0.117676 0.41699200000000003 0.117676 0.5693360000000001 0.196289 0.5693360000000001 0.196289 0.41699200000000003
1 0.342773 0.402344 0.25293 0.402344 0.25293 0.503906 0.342773 0.503906 0.342773 0.402344
1 0.6235350000000001 0.375977 0.588867 0.375977 0.588867 0.46093799999999996 0.6235350000000001 0.46093799999999996 0.6235350000000001 0.375977
1 0.406738 0.39843799999999996 0.361816 0.39843799999999996 0.361816 0.46875 0.406738 0.46875 0.406738 0.39843799999999996
1 0.520508 0.396484 0.493164 0.396484 0.493164 0.428711 0.520508 0.428711 0.520508 0.396484
1 0.567871 0.384766 0.520996 0.384766 0.520996 0.45800799999999997 0.567871 0.45800799999999997 0.567871 0.384766
1 0.646484 0.374023 0.588379 0.374023 0.588379 0.46386700000000003 0.646484 0.46386700000000003 0.646484 0.374023
1 0.5 0.393555 0.47168 0.393555 0.47168 0.428711 0.5 0.428711 0.5 0.393555