4 0.923828 0.369141 0.900879 0.369141 0.900879 0.505859 0.923828 0.505859 0.923828 0.369141
4 0.947754 0.363281 0.920898 0.363281 0.920898 0.503906 0.947754 0.503906 0.947754 0.363281
2 0.882812 0.40136700000000003 0.8149409999999999 0.40136700000000003 0.8149409999999999 0.49707 0.882812 0.49707 0.882812 0.40136700000000003
4 0.350098 0.40332 0.323242 0.40332 0.323242 0.527344 0.350098 0.527344 0.350098 0.40332
2 0.603516 0.441406 0.558594 0.441406 0.558594 0.517578 0.603516 0.517578 0.603516 0.441406
4 0.410645 0.40527300000000005 0.39209 0.40527300000000005 0.39209 0.49414100000000005 0.410645 0.49414100000000005 0.410645 0.40527300000000005
2 0.068359 0.417969 0.003418 0.417969 0.003418 0.527344 0.068359 0.527344 0.068359 0.417969
2 0.126465 0.421875 0.09179699999999999 0.421875 0.09179699999999999 0.5 0.126465 0.5 0.126465 0.421875
2 0.674805 0.43261700000000003 0.6079100000000001 0.43261700000000003 0.6079100000000001 0.527344 0.674805 0.527344 0.674805 0.43261700000000003
4 0.46093799999999996 0.40625 0.44531200000000004 0.40625 0.44531200000000004 0.498047 0.46093799999999996 0.498047 0.46093799999999996 0.40625
4 0.44531200000000004 0.40625 0.431152 0.40625 0.431152 0.49707 0.44531200000000004 0.49707 0.44531200000000004 0.40625
2 0.019531 0.46875 0.000488 0.46875 0.000488 0.5380860000000001 0.019531 0.5380860000000001 0.019531 0.46875
4 0.43261700000000003 0.40918 0.41699200000000003 0.40918 0.41699200000000003 0.496094 0.43261700000000003 0.496094 0.43261700000000003 0.40918