4 0.216309 0.333008 0.117188 0.333008 0.117188 0.702148 0.216309 0.702148 0.216309 0.333008
4 0.425781 0.255859 0.361816 0.255859 0.361816 0.712891 0.425781 0.712891 0.425781 0.255859
4 0.287598 0.327148 0.202148 0.327148 0.202148 0.655273 0.287598 0.655273 0.287598 0.327148
1 0.980469 0.375 0.863281 0.375 0.863281 0.450195 0.980469 0.450195 0.980469 0.375
4 0.794922 0.329102 0.771484 0.329102 0.771484 0.470703 0.794922 0.470703 0.794922 0.329102
4 0.7568360000000001 0.336914 0.729004 0.336914 0.729004 0.475586 0.7568360000000001 0.475586 0.7568360000000001 0.336914
4 0.730469 0.33593799999999996 0.710449 0.33593799999999996 0.710449 0.46777300000000005 0.730469 0.46777300000000005 0.730469 0.33593799999999996
1 0.567383 0.408203 0.5424800000000001 0.408203 0.5424800000000001 0.439453 0.567383 0.439453 0.567383 0.408203
4 0 0.730469 0.029297 0.730469 0.029297 0.496094 0 0.496094 0 0.730469
1 0.365234 0.40332 0.325684 0.40332 0.325684 0.446289 0.365234 0.446289 0.365234 0.40332
1 0.525391 0.41210899999999995 0.510742 0.41210899999999995 0.510742 0.435547 0.525391 0.435547 0.525391 0.41210899999999995
2 0.7099610000000001 0.394531 0.6694340000000001 0.394531 0.6694340000000001 0.47851600000000005 0.7099610000000001 0.47851600000000005 0.7099610000000001 0.394531
2 0.676567 0.392793 0.637417 0.392793 0.637417 0.486416 0.676567 0.486416 0.676567 0.392793