1 0.486782 0.416621 0.348906 0.416621 0.348906 0.6225780000000001 0.486782 0.6225780000000001 0.486782 0.416621
1 0.610186 0.42683600000000005 0.523374 0.42683600000000005 0.523374 0.556201 0.610186 0.556201 0.610186 0.42683600000000005
4 0.577847 0.351943 0.536143 0.351943 0.536143 0.6396 0.577847 0.6396 0.577847 0.351943
4 0.624653 0.351943 0.571035 0.351943 0.571035 0.646416 0.624653 0.646416 0.624653 0.351943
4 0.793164 0.32470699999999997 0.7208249999999999 0.32470699999999997 0.7208249999999999 0.6225780000000001 0.793164 0.6225780000000001 0.793164 0.32470699999999997
4 0.8076320000000001 0.29918 0.744629 0.29918 0.744629 0.627686 0.8076320000000001 0.627686 0.8076320000000001 0.29918
4 0.674863 0.413223 0.640825 0.413223 0.640825 0.534072 0.674863 0.534072 0.674863 0.413223
4 0.651035 0.420029 0.635718 0.420029 0.635718 0.501729 0.651035 0.501729 0.651035 0.420029
2 0.639121 0.43024399999999996 0.6195459999999999 0.43024399999999996 0.6195459999999999 0.522158 0.639121 0.522158 0.639121 0.43024399999999996
2 0.8501860000000001 0.41151400000000005 0.79061 0.41151400000000005 0.79061 0.6123730000000001 0.8501860000000001 0.6123730000000001 0.8501860000000001 0.41151400000000005
1 0.520825 0.450664 0.475718 0.450664 0.475718 0.522158 0.520825 0.522158 0.520825 0.450664