1 0.410156 0.42675799999999997 0.358887 0.42675799999999997 0.358887 0.510742 0.410156 0.510742 0.410156 0.42675799999999997
4 0.13623000000000002 0.419922 0.09228499999999999 0.419922 0.09228499999999999 0.621094 0.13623000000000002 0.621094 0.13623000000000002 0.419922
4 0.322754 0.388672 0.288086 0.388672 0.288086 0.549805 0.322754 0.549805 0.322754 0.388672
4 0.531738 0.402344 0.5131840000000001 0.402344 0.5131840000000001 0.513672 0.531738 0.513672 0.531738 0.402344
4 0.566406 0.396484 0.540527 0.396484 0.540527 0.515625 0.566406 0.515625 0.566406 0.396484
4 0.5131840000000001 0.41406200000000004 0.49707 0.41406200000000004 0.49707 0.510742 0.5131840000000001 0.510742 0.5131840000000001 0.41406200000000004
4 0.094238 0.391602 0.042480000000000004 0.391602 0.042480000000000004 0.65625 0.094238 0.65625 0.094238 0.391602
2 0.234375 0.470703 0.188965 0.470703 0.188965 0.630859 0.234375 0.630859 0.234375 0.470703
4 0.208984 0.397461 0.166504 0.397461 0.166504 0.629883 0.208984 0.629883 0.208984 0.397461
2 0.612793 0.42675799999999997 0.571777 0.42675799999999997 0.571777 0.521484 0.612793 0.521484 0.612793 0.42675799999999997
4 0.46728500000000006 0.399414 0.444824 0.399414 0.444824 0.5087889999999999 0.46728500000000006 0.5087889999999999 0.46728500000000006 0.399414
4 0.41699200000000003 0.408203 0.399414 0.408203 0.399414 0.491211 0.41699200000000003 0.491211 0.41699200000000003 0.408203
2 0.7670899999999999 0.487305 0.742188 0.487305 0.742188 0.5849610000000001 0.7670899999999999 0.5849610000000001 0.7670899999999999 0.487305
2 0.864746 0.421875 0.8247070000000001 0.421875 0.8247070000000001 0.576172 0.864746 0.576172 0.864746 0.421875
2 0.697754 0.46972699999999995 0.672852 0.46972699999999995 0.672852 0.554688 0.697754 0.554688 0.697754 0.46972699999999995
4 0.184082 0.394531 0.145508 0.394531 0.145508 0.625 0.184082 0.625 0.184082 0.394531
2 0.6450199999999999 0.44726600000000005 0.6005860000000001 0.44726600000000005 0.6005860000000001 0.530273 0.6450199999999999 0.530273 0.6450199999999999 0.44726600000000005
2 0.318848 0.455078 0.294922 0.455078 0.294922 0.564453 0.318848 0.564453 0.318848 0.455078
2 0.350098 0.44043 0.337891 0.44043 0.337891 0.5087889999999999 0.350098 0.5087889999999999 0.350098 0.44043
2 0.765625 0.42285199999999995 0.708984 0.42285199999999995 0.708984 0.579102 0.765625 0.579102 0.765625 0.42285199999999995
4 0.350098 0.435547 0.337402 0.435547 0.337402 0.5087889999999999 0.350098 0.5087889999999999 0.350098 0.435547